0.0010
0.0013
0.0016
0.0019
0.0022
0.0025
0.0028
0.0031
0.0033
0.0036
0.0039
0.0042
0.0045
0.0048
0.0051
0.0054
0.0057
0.0060
0.0063
0.0066
0.0069
0.0072
0.0074
0.0077
0.0080
0.0083
0.0086
0.0089
0.0092
0.0095
0.0098
0.0101
0.0104
0.0107
0.0110
0.0113
0.0115
0.0118
0.0121
0.0124
0.0127
0.0130
0.0133
0.0136
0.0139
0.0142
0.0145
0.0148
0.0151
0.0154
0.0156
0.0159
0.0162
0.0165
0.0168
0.0171
0.0174
0.0177
0.0180
0.0183
0.0186
0.0189
0.0192
0.0195
0.0197
0.0200
0.0203
0.0206
0.0209
0.0212
0.0215
0.0218
0.0221
0.0224
0.0227
0.0230
0.0233
0.0236
0.0238
0.0241
0.0244
0.0247
0.0250
0.0253
0.0256
0.0259
0.0262
0.0265
0.0268
0.0271
0.0274
0.0277
0.0279
0.0282
0.0285
0.0288
0.0291
0.0294
0.0297
0.0300
