9.286E-03 2.090E+01 2.047E+01
9.582E-03 1.907E+01 1.865E+01
9.878E-03 1.745E+01 1.704E+01
1.000E-02 1.683E+01 1.643E+01
1.017E-02 1.600E+01 1.561E+01
1.047E-02 1.471E+01 1.434E+01
1.077E-02 1.356E+01 1.320E+01
1.106E-02 1.252E+01 1.217E+01
1.136E-02 1.159E+01 1.125E+01
1.165E-02 1.075E+01 1.042E+01
1.195E-02 9.989E+00 9.674E+00
1.225E-02 9.299E+00 8.994E+00
1.254E-02 8.671E+00 8.376E+00
1.284E-02 8.099E+00 7.814E+00
1.313E-02 7.578E+00 7.301E+00
1.343E-02 7.100E+00 6.832E+00
1.372E-02 6.664E+00 6.404E+00
1.402E-02 6.263E+00 6.010E+00
1.432E-02 5.893E+00 5.648E+00
1.461E-02 5.553E+00 5.314E+00
1.491E-02 5.239E+00 5.007E+00
1.500E-02 5.146E+00 4.916E+00
1.520E-02 4.949E+00 4.723E+00
1.550E-02 4.680E+00 4.461E+00
1.580E-02 4.431E+00 4.218E+00
1.609E-02 4.200E+00 3.992E+00
1.639E-02 3.985E+00 3.783E+00
1.668E-02 3.786E+00 3.589E+00
1.698E-02 3.600E+00 3.407E+00
1.728E-02 3.426E+00 3.239E+00
1.757E-02 3.264E+00 3.082E+00
1.787E-02 3.113E+00 2.934E+00
1.816E-02 2.971E+00 2.797E+00
1.846E-02 2.838E+00 2.668E+00
1.876E-02 2.713E+00 2.547E+00
1.900E-02 2.616E+00 2.453E+00
1.905E-02 2.596E+00 2.434E+00
1.935E-02 2.486E+00 2.328E+00
1.964E-02 2.383E+00 2.228E+00
1.994E-02 2.286E+00 2.134E+00
2.000E-02 2.266E+00 2.115E+00
2.024E-02 2.194E+00 2.046E+00
2.053E-02 2.107E+00 1.962E+00
2.083E-02 2.026E+00 1.884E+00
2.112E-02 1.949E+00 1.810E+00
2.142E-02 1.876E+00 1.740E+00
2.171E-02 1.807E+00 1.673E+00
2.201E-02 1.742E+00 1.611E+00
2.231E-02 1.680E+00 1.552E+00
2.260E-02 1.621E+00 1.495E+00
2.290E-02 1.565E+00 1.442E+00
2.319E-02 1.512E+00 1.392E+00
2.349E-02 1.462E+00 1.344E+00
2.379E-02 1.414E+00 1.298E+00
2.408E-02 1.369E+00 1.255E+00
2.438E-02 1.326E+00 1.214E+00
2.467E-02 1.285E+00 1.175E+00
2.497E-02 1.245E+00 1.138E+00
2.527E-02 1.208E+00 1.102E+00
2.556E-02 1.172E+00 1.069E+00
2.586E-02 1.138E+00 1.036E+00
2.615E-02 1.106E+00 1.005E+00
2.645E-02 1.075E+00 9.761E-01
2.675E-02 1.045E+00 9.481E-01
2.704E-02 1.016E+00 9.213E-01
2.734E-02 9.891E-01 8.956E-01
2.763E-02 9.630E-01 8.711E-01
2.793E-02 9.380E-01 8.477E-01
2.822E-02 9.141E-01 8.253E-01
2.852E-02 8.911E-01 8.038E-01
2.882E-02 8.691E-01 7.832E-01
2.911E-02 8.480E-01 7.634E-01
2.941E-02 8.277E-01 7.445E-01
2.970E-02 8.082E-01 7.263E-01
3.000E-02 7.894E-01 7.089E-01